2
0.4256401062011719
0.002658367156982422
4
0.33080434799194336
0.0026488304138183594
8
0.3436276912689209
0.0026428699493408203
16
0.3411743640899658
0.0026366710662841797
32
0.34830403327941895
0.0025587081909179688
64
0.3421204090118408
0.0034494400024414062
128
0.3386702537536621
0.005045413970947266
256
0.3396031856536865
0.010306119918823242
512
0.34575915336608887
0.04296159744262695
1024
0.37813830375671387
0.24775290489196777
2048
0.49274611473083496
1.293700933456421
4096
1.131256103515625
8.316045761108398
8192
6.173381567001343
56.19704246520996
